locations:
- world: redstonelandia
  x: 129.4902146827153
  y: 83.15116195768914
  z: 515.7852456742039
  pitch: 21.30005645751953
  yaw: 33.252708435058594
- world: redstonelandia
  x: 133.5789674945883
  y: 83.15116195768914
  z: 509.7602610917625
  pitch: 7.500051498413086
  yaw: 26.202585220336914
- world: Hungerlob
  x: -255.07499998807907
  y: 86.62000000476837
  z: 662.6999999880791
  pitch: 52.04966354370117
  yaw: -126.45085906982422
