world: world
x: 0.6631008507566969
y: 63.0
z: 196.4833967257561
yaw: -271.1975
pitch: -6.450155
name: plots
