lastAccountName: YoutubeAgeGate
timestamps:
  login: 1489619123536
  lastteleport: 1489522719455
  logout: 1489619135801
ipAddress: 99.115.36.192
lastlocation:
  world: lobby
  x: -448.3694240908424
  y: 8.16214142102699
  z: -710.0061257730858
  yaw: 273.6
  pitch: 14.100001
logoutlocation:
  world: plots
  x: -121.24662057960266
  y: 67.66610926093821
  z: 424.30223188637854
  yaw: 33.556885
  pitch: 66.637535
