lastAccountName: DeltaCreeper404
timestamps:
  login: 1494367519650
  lastteleport: 1490539004559
  logout: 1494368695208
ipAddress: 108.26.36.49
lastlocation:
  world: knockback_madness
  x: -1180.585103303194
  y: 80.0
  z: -1078.368304669857
  yaw: 32.875103
  pitch: 52.188244
godmode: false
logoutlocation:
  world: Hungerlob
  x: -261.36979870126794
  y: 85.0
  z: 657.9894272978414
  yaw: -259.36108
  pitch: 68.40001
nickname: §cDelta§2Creeper§c404
money: '0.0'
