lastAccountName: ColoradoWolf
timestamps:
  login: 1489523474297
  lastteleport: 1489523495403
  logout: 1489523567827
ipAddress: 88.105.99.106
lastlocation:
  world: lobby
  x: -449.3219760842564
  y: 4.419999986886978
  z: -712.4720756425535
  yaw: 237.29991
  pitch: 17.550005
logoutlocation:
  world: plots
  x: -96.78291451708418
  y: 65.0
  z: 6.076962602366994
  yaw: -171.94318
  pitch: 7.6875315
