lastAccountName: IthacaMedia3
timestamps:
  login: 1481938624163
  logout: 1481938659674
ipAddress: 67.249.137.69
lastlocation:
  world: lobby
  x: -447.5
  y: 4.0
  z: -695.5
  yaw: -6.300005
  pitch: 58.499992
logoutlocation:
  world: lobby
  x: -446.91605161276095
  y: 4.0
  z: -692.339264899637
  yaw: 163.49963
  pitch: -57.749996
