lastAccountName: Mylezie
timestamps:
  login: 1487602098419
  lastteleport: 1484408468650
  logout: 1487602131830
ipAddress: 91.40.91.198
lastlocation:
  world: BuildingWorld
  x: 555.4294225739109
  y: 4.7531999805212015
  z: -291.79796658255776
  yaw: 196.38866
  pitch: 12.061285
godmode: true
logoutlocation:
  world: plots
  x: -126.37832524366142
  y: 88.87877887283145
  z: -35.59135541470361
  yaw: -196.09514
  pitch: -37.34988
nickname: §6M§ay§6l§ae§6z§ai§6e
