lastAccountName: TheLimeFilms
timestamps:
  login: 1508538109237
  logout: 1508539188722
  lastteleport: 1508538414473
ipAddress: 73.244.167.221
logoutlocation:
  world: ParkourChallange
  x: -130.5
  y: 5.0
  z: -216.0
  yaw: -90.0
  pitch: 14.265612
lastlocation:
  world: lobby
  x: 1168.0319320538408
  y: 4.0
  z: -156.46008928029892
  yaw: -90.14429
  pitch: 6.8421288
money: '0.0'
