lastAccountName: ItzBellaKat
timestamps:
  login: 1512742220838
  logout: 1512742855170
  lastteleport: 1512060841517
ipAddress: 98.175.154.250
logoutlocation:
  world: redstonelandia
  x: 132.8650626194704
  y: 62.0
  z: 205.97783106064156
  yaw: 272.2498
  pitch: 10.200011
lastlocation:
  world: lobby
  x: 1168.0374553387069
  y: 4.0
  z: -140.6693304827095
  yaw: 269.45224
  pitch: 50.49083
