lastAccountName: FreddyX395
timestamps:
  login: 1557277274550
  logout: 1557279217635
  lastteleport: 1557273127332
ipAddress: 199.58.147.72
lastlocation:
  world: Survival
  x: -67.6450139074911
  y: 72.0
  z: -225.8964641290798
  yaw: 156.80518
  pitch: 32.99953
logoutlocation:
  world: Survival
  x: 198.30000001192093
  y: 63.0
  z: -110.09504448944055
  yaw: -213.78607
  pitch: 5.550178
money: '256.0'
