lastAccountName: PwofessaKawi
timestamps:
  login: 1557967500604
  lastteleport: 1557966770890
  logout: 1557967753352
ipAddress: 69.254.217.157
lastlocation:
  world: Survival
  x: 172.32443294158796
  y: 72.0
  z: -237.5730088305608
  yaw: 313.9497
  pitch: 41.24995
logoutlocation:
  world: Survival
  x: 156.40260813396753
  y: 76.0
  z: -258.33783349764815
  yaw: -220.05026
  pitch: 18.300055
