lastAccountName: Taffycat16
timestamps:
  login: 1489523012349
  logout: 1489523039999
  lastteleport: 1489522298240
ipAddress: 174.227.137.119
logoutlocation:
  world: newlobby
  x: 1048.1026555818
  y: 14.782355683936661
  z: 329.7574948368272
  yaw: -31.33905
  pitch: 50.583096
lastlocation:
  world: newlobby
  x: 1194.7359061245852
  y: 34.41891939166691
  z: -107.77044708191934
  yaw: 21.543427
  pitch: 49.254288
