lastAccountName: lego_king_meme
timestamps:
  login: 1482024357718
  lastteleport: 1479174727428
  logout: 1482024432071
ipAddress: 99.237.96.67
lastlocation:
  world: buildswap
  x: -643.3589408197322
  y: 4.0
  z: -320.8244472504045
  yaw: -153.03564
  pitch: 3.002373
logoutlocation:
  world: ParkourChallange
  x: -129.17808039162392
  y: 5.0
  z: -216.0
  yaw: -90.0
  pitch: 0.0
mail:
- §6[§rtheelevatorfan§6] §rHi
