lastAccountName: Daniela070302
timestamps:
  login: 1487637027943
  logout: 1487637111948
ipAddress: 69.201.152.192
lastlocation:
  world: buildswap
  x: -657.0832590508822
  y: 4.0
  z: -371.9813026986275
  yaw: 189.5907
  pitch: 52.050034
logoutlocation:
  world: buildswap
  x: -655.0299385464307
  y: 4.0
  z: -364.71263487216004
  yaw: -116.623055
  pitch: 33.449997
