lastAccountName: noelbanana
timestamps:
  login: 1557353555771
  logout: 1557353687527
ipAddress: 68.175.141.92
logoutlocation:
  world: Survival
  x: 243.30102241690045
  y: 96.0
  z: -1.464110417861444
  yaw: 60.908325
  pitch: 27.462337
