lastAccountName: MineBloxGamerYT
timestamps:
  login: 1485587445337
  lastteleport: 1485280539148
  logout: 1485588495355
ipAddress: 172.197.219.164
lastlocation:
  world: lobby
  x: -445.3490894564891
  y: 3.0
  z: -708.6999999880791
  yaw: 47.752167
  pitch: 90.0
logoutlocation:
  world: Tntwarz
  x: -962.3731338366379
  y: 5.0
  z: -915.2375000119209
  yaw: 19.19974
  pitch: 71.70003
