lastAccountName: PandaMan2000
timestamps:
  login: 1557790670197
  lastteleport: 1557790935216
  logout: 1557793206623
ipAddress: 24.59.49.213
lastlocation:
  world: Survival
  x: 419.55967190952344
  y: 79.0
  z: 164.72606863643608
  yaw: -178.64389
  pitch: 8.195143
logoutlocation:
  world: Survival
  x: 651.0239847498383
  y: 82.0
  z: 150.05087928199745
  yaw: -73.598175
  pitch: 20.099308
