lastAccountName: salome2016
timestamps:
  login: 1491158560665
  lastteleport: 1491139533268
  logout: 1491160496903
ipAddress: 108.190.250.228
lastlocation:
  world: buildswap
  x: -593.6182430658243
  y: 9.907756735842312
  z: -395.3759927656298
  yaw: 320.5676
  pitch: 24.833988
logoutlocation:
  world: redstonelandia
  x: 348.01551589951384
  y: 114.9723489871257
  z: 411.64920374528793
  yaw: -98.54883
  pitch: 32.550034
money: '0.0'
nickname: §6§lSalome§e2016
