lastAccountName: Classicom
timestamps:
  login: 1489337437406
  lastteleport: 1489340267450
  logout: 1489340300923
ipAddress: 108.234.69.11
lastlocation:
  world: lobby
  x: -445.69999998807907
  y: 4.0
  z: -684.9834611408936
  yaw: 350.2787
  pitch: 9.1359625
godmode: false
nickname: Classicom
logoutlocation:
  world: Hungerlob
  x: -248.46309497943986
  y: 85.0
  z: 661.6196750749584
  yaw: -50.974094
  pitch: 31.098999
