lastAccountName: Inferniel
timestamps:
  login: 1486922610766
  logout: 1486922708097
ipAddress: 174.58.217.123
godmode: true
afk: false
lastlocation:
  world: lobby
  x: 119.83084644068546
  y: 4.0
  z: -927.2519903524685
  yaw: -122.532715
  pitch: 89.80639
logoutlocation:
  world: lobby
  x: 151.55087324111065
  y: 12.118137364227094
  z: -940.8377768117207
  yaw: -214.98915
  pitch: 11.720928
