lastAccountName: Zachzilla207
timestamps:
  login: 1489344642732
  lastteleport: 1489344662542
  logout: 1489345045090
ipAddress: 67.249.81.199
lastlocation:
  world: Skyblock
  x: -4.699999988079071
  y: 63.11516580926267
  z: 11.696874129062053
  yaw: 183.90155
  pitch: 0.68309504
logoutlocation:
  world: bedwars
  x: 471.577754559326
  y: 4.0
  z: -200.7618983584743
  yaw: -300.19626
  pitch: 19.95006
