lastAccountName: thepikabone
timestamps:
  login: 1552599489399
  logout: 1552599582786
ipAddress: 68.175.155.239
lastlocation:
  world: lobby
  x: 1153.0701234546057
  y: 4.5
  z: -166.91930643403342
  yaw: -332.6261
  pitch: 44.04459
logoutlocation:
  world: lobby
  x: 1156.0007259813044
  y: 5.0
  z: -150.68730817158107
  yaw: -167.70746
  pitch: 58.902664
