lastAccountName: jtreminio
timestamps:
  login: 1500656636657
  lastteleport: 1495912728373
  logout: 1500656652144
  jail: 0
ipAddress: 47.186.8.94
lastlocation:
  world: BuildingWorld
  x: 680.2146518994317
  y: 5.166109260938214
  z: -228.0700354476677
  yaw: -318.2998
  pitch: 9.000013
logoutlocation:
  world: lobby
  x: 727.1205260119734
  y: 5.0
  z: -215.96675735590748
  yaw: -341.54987
  pitch: 20.099995
nickname: §c§lH§6§le§e§ll§a§ll§9§lo§d§lo
godmode: false
afk: false
money: '0.0'
jailed: false
homes:
  nazi_:
    world: BuildingWorld
    x: 723.3840663247308
    y: 4.0
    z: -453.85961051173825
    yaw: -20.726057
    pitch: -11.250032
  test:
    world: BuildingWorld
    x: 735.6550998633389
    y: 4.0
    z: -453.9837546220597
    yaw: -174.92604
    pitch: -24.90003
  dog:
    world: BuildingWorld
    x: 731.8538736627532
    y: 4.0
    z: -443.6981200339959
    yaw: -38.276047
    pitch: 47.399963
  arena:
    world: BuildingWorld
    x: 704.8314631067338
    y: 4.0
    z: -137.71617755126107
    yaw: 178.94942
    pitch: 21.000004
