lastAccountName: minion0510
timestamps:
  login: 1486324116322
  logout: 1486324119229
ipAddress: 86.28.25.123
lastlocation:
  world: lobby
  x: -456.05171679247644
  y: 4.0
  z: -697.9619105948663
  yaw: 0.0
  pitch: 0.0
logoutlocation:
  world: lobby
  x: -137.3386334732218
  y: 5.0
  z: -216.67004265558091
  yaw: -91.50006
  pitch: 19.800037
