lastAccountName: 4name
timestamps:
  login: 1552614583551
  logout: 1552615405207
  lastteleport: 1490409146551
  jail: 0
ipAddress: 47.214.10.209
afk: false
lastlocation:
  world: plots
  x: 23.409072771583723
  y: 63.0
  z: 168.54498045366668
  yaw: -7.2168884
  pitch: 24.229343
logoutlocation:
  world: plots
  x: 173.5
  y: 63.0
  z: 256.5
  yaw: 0.075991586
  pitch: 0.0
money: '0.0'
godmode: false
jailed: false
nickname: buy
