lastAccountName: 4name
timestamps:
  login: 1552269321454
  logout: 1514767595059
  lastteleport: 1490409146551
  jail: 0
ipAddress: 47.214.10.209
afk: false
lastlocation:
  world: BuildingWorld
  x: 822.1873188076582
  y: 6.672299677636545
  z: -542.1780649147249
  yaw: 247.16905
  pitch: 44.02686
logoutlocation:
  world: BuildingWorld
  x: 491.2573643494213
  y: 8.43069527715334
  z: -453.63890795332304
  yaw: 90.32754
  pitch: 43.218727
money: '0.0'
godmode: true
jailed: false
nickname: §4§li_wanna_die_rn
