lastAccountName: CreeperZapp
timestamps:
  login: 1559346920026
  lastteleport: 1559177285769
  logout: 1559348505783
ipAddress: 67.241.68.164
lastlocation:
  world: Survival
  x: 779.0741231873759
  y: 70.0
  z: 110.97148689530422
  yaw: -117.54367
  pitch: 21.900309
homes:
  home:
    world: Survival
    x: 522.3791155529606
    y: 72.0
    z: -75.65398492937202
    yaw: 185.03758
    pitch: 18.899912
logoutlocation:
  world: Survival
  x: 523.4631187326496
  y: 72.5625
  z: -77.71613561054808
  yaw: 173.43457
  pitch: 36.449482
money: '0.000'
