lastAccountName: CreeperZapp
timestamps:
  login: 1557354239488
  lastteleport: 1557355860036
  logout: 1557353433976
ipAddress: 67.241.68.164
lastlocation:
  world: Survival
  x: 625.6314533856828
  y: 79.0
  z: -159.0581803345534
  yaw: 38.68161
  pitch: 26.748386
homes:
  home:
    world: Survival
    x: 508.57264300782475
    y: 69.0
    z: -77.75214651214456
    yaw: 27.987535
    pitch: 65.85004
logoutlocation:
  world: Survival
  x: 508.7235815025574
  y: 68.0
  z: -81.46390461537285
  yaw: 132.87086
  pitch: -9.900148
money: '0.000'
