lastAccountName: minercon0724
timestamps:
  login: 1493941545869
  logout: 1493941578810
  lastteleport: 1491010641733
ipAddress: 47.198.206.62
lastlocation:
  world: buildswap
  x: 600.2561287242802
  y: 25.57494871297941
  z: -109.88792842698646
  yaw: -3.3053284
  pitch: 61.650024
logoutlocation:
  world: buildswap
  x: 217.33380144685785
  y: 4.0
  z: -169.91812506332082
  yaw: -34.65277
  pitch: 8.249995
money: '0.0'
nickname: §8Miner§6con§10724
