lastAccountName: iToastSkittles_
timestamps:
  login: 1490544982058
  lastteleport: 1490545017394
  logout: 1490545221666
  mute: 0
ipAddress: 73.8.38.178
lastlocation:
  world: lobby
  x: 1167.9939337195547
  y: 4.0
  z: -140.35551885833488
  yaw: -82.55307
  pitch: 8.226865
logoutlocation:
  world: lobby
  x: 1139.300000011921
  y: 4.0
  z: -157.7517858506312
  yaw: -60.48868
  pitch: 7.2845345
muted: false
nickname: iToastSkittles_
