lastAccountName: Wda04
timestamps:
  login: 1559177194786
  lastteleport: 1559178843928
  logout: 1559178850552
ipAddress: 74.79.253.216
homes:
  home:
    world: Survival
    x: 446.39251496458735
    y: 88.0
    z: -50.8863753079222
    yaw: 273.19116
    pitch: 23.082747
lastlocation:
  world: Survival
  x: 474.46397673964924
  y: 72.0
  z: -73.93683579919369
  yaw: 255.34828
  pitch: 81.87726
logoutlocation:
  world: Survival
  x: 446.5
  y: 88.0
  z: -50.5
  yaw: 191.00758
  pitch: 25.657703
money: '69'
