lastAccountName: cooljet8288
timestamps:
  login: 1489344673495
  logout: 1489345217169
  lastteleport: 1489345155111
ipAddress: 67.249.81.199
lastlocation:
  world: DoNotLaugh
  x: 848.0189714434847
  y: 5.0
  z: -257.30000001192093
  yaw: 274.70926
  pitch: 2.9558048
logoutlocation:
  world: lobby
  x: -448.86676686223575
  y: 4.0
  z: -697.8797269186639
  yaw: 356.95013
  pitch: 0.60000527
