lastAccountName: l0l_n0p3
timestamps:
  login: 1490137397955
  lastteleport: 1490137544344
  logout: 1490139159419
ipAddress: 174.58.217.123
lastlocation:
  world: redstonelandia
  x: 176.18732005984054
  y: 64.0
  z: 282.9210362126275
  yaw: -91.546646
  pitch: 11.841762
logoutlocation:
  world: lobby
  x: 1148.4908898951448
  y: 4.0
  z: -130.7487919441537
  yaw: -177.77965
  pitch: 12.596772
