lastAccountName: starrycave
timestamps:
  login: 1559438486618
  lastteleport: 1559402791233
  logout: 1559404103232
ipAddress: 67.249.137.44
lastlocation:
  world: Survival
  x: 401.8221273019153
  y: 11.0
  z: -182.57678616408091
  yaw: -32.464752
  pitch: 18.324903
homes:
  home:
    world: Survival
    x: 593.1253397532679
    y: 63.0
    z: -169.29589593763333
    yaw: -74.624725
    pitch: 18.338951
logoutlocation:
  world: Survival
  x: 595.2535706576907
  y: 63.0
  z: -170.66353967126838
  yaw: 321.2605
  pitch: 29.172243
money: '250.000'
nickname: §6§lG§b§kG§6§lO§b§kO§6§lO§b§kO§6§lG§b§kG§6§lE§b§kE§6§lN§b§kN§6§lS§b§kS§6§lH§b§kH§6§lH§b§kH§6§lN§b§kN§6§lO§b§kO§6§lO§b§kO§6§lN§b§kN
