lastAccountName: Haidan349
timestamps:
  login: 1489344612664
  lastteleport: 1489344646536
  logout: 1489345042892
ipAddress: 67.249.81.199
lastlocation:
  world: Hungerlob
  x: -249.58928632804276
  y: 85.11001265241397
  z: 647.3000000119209
  yaw: -8.159916
  pitch: 9.5139065
logoutlocation:
  world: bedwars
  x: 469.56443518930587
  y: 4.0
  z: -198.82980268899888
  yaw: 45.34726
  pitch: 27.085405
