lastAccountName: Furygamer61
timestamps:
  login: 1485587182916
  lastteleport: 1485587616405
  logout: 1485588165820
ipAddress: 121.223.150.126
lastlocation:
  world: lobby
  x: -435.30000001192093
  y: 3.0
  z: -694.631603963291
  yaw: 183.9506
  pitch: 78.59823
logoutlocation:
  world: DoNotLaugh
  x: 2443.964972900923
  y: 4.0
  z: -532.2095038259852
  yaw: 263.91306
  pitch: 5.043424
