lastAccountName: Zelda7808
timestamps:
  login: 1514768891213
  logout: 1514769013353
  lastteleport: 1514768039796
ipAddress: 98.246.13.7
lastlocation:
  world: buildswap
  x: -661.3862927418098
  y: 4.7531999805212015
  z: -322.9274623940222
  yaw: -318.1326
  pitch: 21.68396
logoutlocation:
  world: buildswap
  x: -647.4902908104858
  y: 8.618634395139027
  z: -318.5453721404913
  yaw: -240.13513
  pitch: 6.899854
