lastAccountName: Grayfox229
timestamps:
  login: 1557354925663
  logout: 1557354907676
  lastteleport: 1557354461935
ipAddress: 68.175.140.244
logoutlocation:
  world: Survival
  x: 359.30000001192093
  y: 80.0
  z: 37.44949376929331
  yaw: 64.46897
  pitch: -14.849977
lastlocation:
  world: Survival
  x: 791.8298272302637
  y: 15.0
  z: 465.3626806868463
  yaw: -309.1183
  pitch: 11.400216
