lastAccountName: IthacaMedia7
timestamps:
  login: 1481935448814
  logout: 1481935460813
ipAddress: 67.249.137.69
lastlocation:
  world: IAMWITHSTUPID
  x: 1095.6114395824463
  y: 4.0
  z: 1455.0688498817353
  yaw: 19.280518
  pitch: 3.1082292
logoutlocation:
  world: IAMWITHSTUPID
  x: 1178.4877518877759
  y: 4.0
  z: 1470.9745674460132
  yaw: -122.0194
  pitch: -4.5000095
