lastAccountName: wheeyou
timestamps:
  login: 1557355701536
  lastteleport: 1557357548207
  logout: 1557357647586
ipAddress: 74.79.253.204
lastlocation:
  world: Survival
  x: 632.7670863214029
  y: 77.0
  z: -153.80074675410452
  yaw: -29.255236
  pitch: 17.549713
logoutlocation:
  world: Survival
  x: 235.8313627234419
  y: 78.0
  z: -128.57816208435614
  yaw: -125.394226
  pitch: 5.699501
