lastAccountName: wheeyou
timestamps:
  login: 1559342989909
  lastteleport: 1559344439584
  logout: 1559344451731
ipAddress: 74.79.253.204
lastlocation:
  world: Survival
  x: -124.63884968293216
  y: 68.0
  z: -161.32159388701075
  yaw: 221.0305
  pitch: 4.1996737
logoutlocation:
  world: Survival
  x: 194.49394367484416
  y: 63.0
  z: -104.7624070206332
  yaw: 159.59966
  pitch: -11.700043
