lastAccountName: Netherblower
timestamps:
  login: 1509910830146
  lastteleport: 1509911995551
  jail: 0
  logout: 1509914236023
ipAddress: 67.249.138.32
lastlocation:
  world: redstonelandia
  x: 181.86422241328427
  y: 57.0
  z: 405.5029011305077
  yaw: 8.3638
  pitch: 16.167038
jailed: false
logoutlocation:
  world: redstonelandia
  x: 179.95338732004979
  y: 56.0
  z: 443.69999998807907
  yaw: -44.957123
  pitch: -1.1999935
