lastAccountName: GGlatte3789
timestamps:
  login: 1510746365499
  lastteleport: 1510746442533
  logout: 1510746475095
ipAddress: 171.99.163.126
lastlocation:
  world: lobby
  x: 1168.097907093911
  y: 4.0
  z: -164.57626367227155
  yaw: -91.65074
  pitch: -1.499928
logoutlocation:
  world: Hungerlob
  x: -249.3465056253323
  y: 85.0
  z: 660.2802056800781
  yaw: -1.9579806
  pitch: 0.5478778
