lastAccountName: TornadoHead22
timestamps:
  login: 1559428757185
  lastteleport: 1559438176145
  logout: 1559428378249
ipAddress: 68.175.140.244
homes:
  home:
    world: Survival
    x: 682.2559205184646
    y: 64.0
    z: -19.115579290730693
    yaw: -270.3572
    pitch: 2.584643
lastlocation:
  world: Survival
  x: 292.56718923766226
  y: 17.0
  z: 1896.1188246926336
  yaw: -184.29962
  pitch: 13.528686
logoutlocation:
  world: Survival
  x: 691.2421481344428
  y: 64.0
  z: -22.243412828311897
  yaw: -311.2634
  pitch: 13.327964
