lastAccountName: TornadoHead22
timestamps:
  login: 1489344669433
  lastteleport: 1489339105351
  logout: 1489345042055
ipAddress: 67.249.81.199
lastlocation:
  world: bedwars
  x: 591.6061785896856
  y: 24.0
  z: 162.02521927824762
  yaw: -123.04559
  pitch: 14.850079
afk: false
logoutlocation:
  world: bedwars
  x: 470.77958680346313
  y: 4.0
  z: -198.07077487601606
  yaw: -271.8461
  pitch: 32.850063
