lastAccountName: SexStar
timestamps:
  login: 1489522172385
  lastteleport: 1489522476715
  logout: 1489522885748
ipAddress: 65.24.117.84
lastlocation:
  world: newlobby
  x: 1042.5933495636366
  y: 11.231335955352032
  z: 289.8587388347216
  yaw: -230.04439
  pitch: 48.680286
powertools:
  '271':
  - /bc Follow me on twitter @ CxxperYT
logoutlocation:
  world: newlobby
  x: 1093.9641270824961
  y: 12.749955943496904
  z: 272.4237682014315
  yaw: -81.188034
  pitch: 58.264862
