lastAccountName: young2529
timestamps:
  login: 1489618912342
  lastteleport: 1489618946772
  logout: 1489618977928
ipAddress: 174.58.217.123
lastlocation:
  world: lobby
  x: -446.50174473269
  y: 4.0
  z: -691.5319017404347
  yaw: 0.17850249
  pitch: 0.07140099
logoutlocation:
  world: plots
  x: -77.99484987901539
  y: 66.9207247736934
  z: 78.2291481192278
  yaw: 79.36218
  pitch: 41.05559
