jails:
  superjail:
    world: redstonelandia
    x: 187.51172251628597
    y: 56.0
    z: 401.713036125776
    yaw: -358.537
    pitch: 5.3168173
  superjail2:
    world: redstonelandia
    x: 181.09795579391297
    y: 56.0
    z: 402.08818342167143
    yaw: 357.56372
    pitch: 11.8170395
  superjail3:
    world: redstonelandia
    x: 175.40054425081306
    y: 56.0
    z: 402.57378232443494
    yaw: 359.04486
    pitch: 9.172152
