spawns: 
  default: 
    world: lobby
    x: -447.44421989337496
    y: 4.5
    z: -695.0258730472467
    yaw: 0.95211923
    pitch: -2.7827585
