world: BuildingWorld
x: 310.3931742546363
y: 4.0
z: -782.4879274807455
yaw: 103.794556
pitch: 44.099968
name: Battlefield
