world: bedwars
x: 903.4875875610003
y: 4.0
z: 414.12608704018965
yaw: 115.66672
pitch: 10.28353
name: bedlob
