world: buildswap
x: -651.5746229079567
y: 4.0
z: -324.26685832261313
yaw: 5.4176636
pitch: 5.183995
name: Build
