world: BuildingWorld
x: 472.69999998807907
y: 13.893551094319134
z: -144.75588537940277
yaw: 312.93
pitch: 77.85006
name: Build_1
