world: BuildingWorld
x: 585.5757732636014
y: 4.0
z: -445.60075409702233
yaw: 0.49938965
pitch: 14.159774
name: BuildingWorld
