world: buildswap
x: -651.6999999880791
y: 4.0
z: -322.7682198541069
yaw: 5.4176636
pitch: 5.183995
name: BuildSwap
