world: Tntwarz
x: -1281.352358049683
y: 1.0
z: 1256.699999988079
yaw: -277.13882
pitch: 13.774491
name: death
