world: Survival
x: 20.683494388642533
y: 51.0
z: 25.30396219868747
yaw: 0.92209667
pitch: 10.547531
name: deatharena
