world: DeathrunMC
x: 343.6468847416914
y: 5.0
z: 518.3667694062221
yaw: 271.47153
pitch: 1.1637739
name: deathrun
