world: DonatorHangout
x: 152.0195679662842
y: 4.0
z: 1471.5238582565448
yaw: 90.000244
pitch: 17.849997
name: DOnatorHangout
