world: DonatorHangout
x: 174.30571501676482
y: 6.0
z: 1462.395964330314
yaw: 1.9414425
pitch: 0.25919497
name: donatorroom
