world: DoNotLaugh
x: 837.2949447450351
y: 5.0
z: -259.02538109379356
yaw: 89.6091
pitch: 36.255806
name: dontlaugh
