world: DrawMyThing
x: 4.6483011916501535
y: 57.0
z: 962.303360729735
yaw: -270.64734
pitch: 1.3433182
name: DrawMyThing
