world: dropper
x: 0.604651955431813
y: 8.0
z: -1.4439621048351081
yaw: 80.84999
pitch: -5.1000013
name: Dropper
