world: e-conomy
x: 157.30000001192093
y: 47.10805229003641
z: 256.30000001192093
yaw: -7.639496
pitch: 69.36988
name: economystaff
