world: BuildingWorld
x: 498.5627742442803
y: 13.0
z: -405.47210420940513
yaw: -86.86594
pitch: 19.963257
name: epichotel
