world: bedwars
x: 572.2388603024228
y: 4.0
z: 554.0814264660894
yaw: -265.50195
pitch: -8.10003
name: Fallout
