world: BuildingWorld
x: 273.5
y: 4.0
z: -687.5
yaw: 80.87976
pitch: 11.157344
name: fnac1
