world: BuildingWorld
x: 273.0079260530494
y: 4.0
z: -687.3906614659988
yaw: 80.87976
pitch: 11.157344
name: FNAC_1
