world: BuildingWorld
x: 341.3030078191588
y: 27.199960750634347
z: -456.2870051708474
yaw: -244.28944
pitch: 42.732613
name: graveyard
