world: BuildingWorld
x: 484.714582387475
y: 13.0
z: -420.7785732237708
yaw: -260.0505
pitch: 64.5
name: House
