world: BuildingWorld
x: 824.226159536814
y: 4.0
z: -297.643579369818
yaw: -2.6972554
pitch: 12.8025055
name: House_of_Pumpkins
