world: Hungerlob
x: -249.23410328443958
y: 85.0
z: 652.9416390781182
yaw: -1.0579807
pitch: -0.95212126
name: Hungergamelob
