world: IAMWITHSTUPID
x: 1106.0336533997288
y: 4.0
z: 1418.2949840072142
yaw: -92.337326
pitch: 4.898654
name: impossible
