world: buildswap
x: -547.9033837103183
y: 4.0
z: -395.312128514477
yaw: -94.03125
pitch: -3.4500456
name: Jail\
