world: BuildingWorld
x: 648.5853379662652
y: 4.0
z: -460.2245586902241
yaw: -179.85306
pitch: 13.109821
name: jail
