world: bedwars
x: 279.98004117440945
y: 27.622143311529857
z: -85.460981603972
yaw: -116.09949
pitch: 76.2
name: kingdoms
