world: knockback_madness
x: -1184.508134706023
y: 25.5
z: -1107.5147022106403
yaw: -269.8238
pitch: 14.388234
name: knockback_madness
