world: buildswap
x: 601.7525624539362
y: 4.0
z: -183.37727454360524
yaw: 189.54407
pitch: -48.749928
name: LLAMA_TOWN_:D
