world: lobby
x: 1152.3914589740891
y: 5.0
z: -148.61882868162337
yaw: -178.65025
pitch: 18.900053
name: lobby
