world: Hungerlob
x: -249.5
y: 85.0
z: 652.5
yaw: -1.0579807
pitch: -0.95212126
name: minigames
