world: lobby
x: 1152.3904226697416
y: 4.0
z: -110.30000001192093
yaw: -179.97742
pitch: -2.022899
name: newlobbyconstruction
