world: note_song
x: -829.3709940250582
y: 46.0
z: -457.07723726666734
yaw: 0.15074046
pitch: 1.9499717
name: note_song
