world: lobby
x: -446.98464185945346
y: 4.5
z: -696.2180090245037
yaw: 91.51446
pitch: 73.54005
name: oldlobby
