world: ParkourChallange
x: -137.10416589238315
y: 5.0
z: -216.0660099557549
yaw: -91.50006
pitch: 19.800037
name: Parkour
