world: ParkourChallange
x: -129.7135424624159
y: 7.200000047683715
z: -215.81824250112373
yaw: -94.91229
pitch: 90.0
name: parkourstart
