world: plots
x: 0.7058748776874617
y: 63.0
z: 196.48080095465755
yaw: -186.57617
pitch: 74.24981
name: plots
