world: plots
x: -97.50977120552112
y: 65.0
z: 49.49046573677871
yaw: -180.3432
pitch: -7.1624746
name: plots
