world: trollcraft
x: -174.63766058983757
y: 81.0
z: 225.16749208065528
yaw: -358.77533
pitch: 10.970705
name: PokeStop
