world: buildswap
x: 693.610118907637
y: 7.0
z: -16.880558449908932
yaw: -8.5442295
pitch: 6.449972
name: Prision
