world: BuildingWorld
x: 351.7729988328968
y: 4.0
z: -238.93152296950333
yaw: 102.78726
pitch: 0.60003346
name: Pumpkin_House
