world: BuildingWorld
x: 822.4474851549948
y: 4.0625
z: -292.30000001192093
yaw: -168.59724
pitch: 20.752506
name: Pumpkin's
