world: buildswap
x: -820.0067676234
y: 4.631189578270077
z: 850.5136904223871
yaw: 270.01978
pitch: 22.650082
name: pumpkin_world
