world: buildswap
x: -820.0339359850889
y: 4.0
z: 853.9515231183321
yaw: 275.41986
pitch: 16.50008
name: Pumpkin
