world: BuildingWorld
x: 699.120146024995
y: 4.0
z: -445.8135338656618
yaw: -268.30066
pitch: 14.399982
name: Pumpkin_Mansion_Sorda
