world: puzzles
x: 230.65209861033162
y: 4.0
z: 991.9704074692916
yaw: -95.02695
pitch: 3.808643
name: puzzles
