world: redstonelandia
x: 117.62203765693005
y: 65.52179439923457
z: 304.7946914507165
yaw: -270.19882
pitch: 6.832854
name: redstoneshop
