world: redstonelandia
x: 181.43518354104313
y: 66.0
z: 272.50695832600354
yaw: -81.59989
pitch: 19.35
name: Redstonlandia
