world: BuildingWorld
x: 720.8951905768986
y: 4.0
z: -595.4446113717015
yaw: 359.2049
pitch: 4.049933
name: school
