world: trollcraft
x: -171.44828441923096
y: 177.0
z: 206.50145453734663
yaw: -269.2721
pitch: 10.441732
name: Shop
