world: IAMWITHSTUPID
x: 1146.699999988079
y: 4.0
z: 1446.300000011921
yaw: 2.804016
pitch: 50.961372
name: skincomp2
