world: IAMWITHSTUPID
x: 1146.4178269257845
y: 4.0
z: 1454.699999988079
yaw: 180.2007
pitch: 6.7388196
name: skincomp1
