world: Skyblock
x: -4.408003114323746
y: 64.0
z: 5.37690626335719
yaw: 178.20146
pitch: 17.033123
name: skyblock
