world: bedwars
x: 467.5
y: 47.0
z: 41.5
yaw: 359.69983
pitch: 48.900005
name: skycave
