world: bedwars
x: 100.85725445562007
y: 13.97614163761149
z: 174.9612562779923
yaw: 163.05066
pitch: 36.750004
name: spacearena
