world: trollcraft
x: -171.5079279563254
y: 79.0
z: 213.2237144748721
yaw: -178.58286
pitch: 5.3955774
name: Spawn
