world: Speedrun
x: 112.26297230420946
y: 57.750008980350614
z: 130.55439622555724
yaw: -0.001255101
pitch: 11.399978
name: speedrun
