world: SPLEEF
x: -1365.1449586291064
y: 4.0
z: -453.4172329446297
yaw: -91.98118
pitch: 2.930226
name: SPLEEF
