world: SPLEEF
x: -1384.3906202474625
y: 89.0
z: -290.86222067850167
yaw: 179.59665
pitch: 3.100098
name: spleefstart
