world: BuildingWorld
x: 1805.12506896112
y: 4.0
z: -551.060506769051
yaw: -89.07894
pitch: 47.690414
name: starrymap
