world: note_song
x: -1039.803691061248
y: 56.0
z: -403.65496819682176
yaw: 292.2001
pitch: 26.850044
name: stuff
