world: survival
x: -265.4426842367529
y: 59.0
z: 252.49557994922984
yaw: 1.6849835
pitch: 26.205269
name: survival
