world: redstonelandia
x: 93.07231427813507
y: 97.0
z: 558.970584946404
yaw: -247.39655
pitch: 13.349815
name: Survivor
