world: IAMWITHSTUPID
x: 1069.300000011921
y: 4.0
z: 1445.585351253755
yaw: 92.96132
pitch: 50.250053
name: Tardis
