world: IAMWITHSTUPID
x: 958.6999999880791
y: 6.0
z: 1522.699999988079
yaw: 96.00021
pitch: -0.7085285
name: tardis2
