world: lobby
x: 1078.5694185454433
y: 4.0
z: -61.50342693354469
yaw: 270.0177
pitch: 0.99429935
name: templobby
