world: BuildingWorld
x: 655.8067470996858
y: 4.0
z: -10.998101557643862
yaw: -10.828064
pitch: 4.0501795
name: The
