world: trollcraft
x: -171.47949374514852
y: 172.0
z: 206.4819227976445
yaw: 259.69043
pitch: 1.3432657
name: Trade
