world: lobby
x: -1750.4252458166716
y: 136.0
z: -146.52932560410977
yaw: -91.65025
pitch: 73.80002
name: trynottolaugh
