world: BuildingWorld
x: 545.1650999642792
y: 5.0
z: -540.1660927938264
yaw: 356.64005
pitch: 18.993183
name: undertaledeath
