world: bedwars
x: 1012.1410074186499
y: 21.0
z: 1004.3535834551018
yaw: -92.55197
pitch: 1.4999918
name: unnamed
