world: IAMWITHSTUPID
x: 1203.4103267674884
y: 248.95886064653862
z: 1397.4915113280617
yaw: 9.861267
pitch: 86.14966
name: whee
