world: survival
x: -265.4686620666548
y: 59.0
z: 252.5019062682529
yaw: -2.1273804
pitch: 2.653671
name: wtf
